1-1基地大门
0.765715, -0.185516
0.680817, 1.6832
4.43863, 1.38556
4.3187, -0.216785
1-2对方前哨站
5.39263, -12.9275
1-3我方基地增益区
2.51962, 3.23328
1-4我方补给区
-3.65195, 4.08164
1-5我方兑换站
-1.7486, 4.22525
1-8我方前哨站
-1.85312, -7.46678
-1.23297, -6.27326

2-0我方前哨站
-2.42275, -5.48486
2-1我方基地
2.53876, 4.31437
2-2符
2.41643, -8.0969
2-3敌方前哨站
7.53912, -10.0611

3-0梯形高地
6.98453, 1.55167
8.69311, -0.121996
7.78818, 2.35319
3-1基地大门
0.765715, -0.185516
0.680817, 1.6832
4.43863, 1.38556
4.3187, -0.216785
3-2我方基地增益区
1.72196, 3.20661
3.53156, 3.12188
